176014.0622479284
174770.3912843449
173209.85672371238
172068.70175524574
171333.40138291515
169722.7343759748
166557.1164517543
162899.23577650904
158060.49774259044
151160.4829969977
143459.8857475281
127651.05469931697
110194.43727214141
94045.35558153197
79382.29459088584
65768.59359496996
55301.94954573541
47104.90461009271
39263.33819764504
32261.098437781435
25889.83552468184
21759.815604550775
17874.308851702
15085.974615476309
12203.03203966546
9138.282853541912
7682.762938959318
6213.555506769231
4781.208281664496
3486.6010070436787
1779.6036839861786
1184.3779515527553
894.6887546168975
746.8272725806645
475.0262835190859
274.81080630254104
147.0594037029409
4.900567857963001e-5
9.194090609341321e-11
1.1716197243422261e-14
4.494504248782322e-18
2.902977303711878e-23
2.3589874593571895e-32
1.5439117594522865e-34
1.0172389106804615e-39
3.787013697379602e-41
1.0570897328543408e-41
7.583838418127272e-37
4.840823166564768e-44
3.418484759727669e-46
2.1804698025179388e-47
1.823810258143355e-48
4.6118793565277006e-49
5.073194173489801e-50
7.877321894033984e-51
1.0053177050316593e-51
2.599452932244466e-52
