176014.06224792748
173215.1712843895
170155.90834212277
168540.38056378608
167062.8936878058
163732.81438373163
158750.93952058215
151871.91632518117
143717.71256286037
134490.847729683
124523.49331412525
102958.12844169003
82444.24503318335
64347.16391647968
48671.90463028153
35591.77632546345
24919.76815595466
16898.211230491303
10540.776162155613
6791.43733699541
4475.564159138425
3105.1115291545725
1520.7830120082228
1006.2446954269333
579.7115534216107
134.84319024049768
6.832163140413896e-10
1.4239583116810816e-17
8.117925441180467e-24
3.3504254625563536e-30
1.0153332148425014e-41
3.873984406785293e-43
2.57159660418539e-48
2.1582397538931257e-51
2.2230650780246176e-54
6.254612930767794e-57
1.2932338546982703e-58
1.1830079416916577e-59
5.842050676461731e-60
3.3537306094742786e-62
4.15618000625477e-62
1.5230696652060048e-66
2.2690024200589766e-68
1.1861404082068986e-72
8.992581731976637e-73
1.5219185641269782e-73
9.94943710600216e-74
3.674861288838158e-74
8.132177667262192e-76
3.5052777430027693e-75
1.582276812994945e-74
1.246650545521853e-74
7.024308219874593e-77
1.3023093643819245e-75
4.760681568326673e-75
3.504332257417818e-75
3.861218474472122e-77
