176014.0622479285
175987.56973192462
175907.75983572562
175773.01124889855
175589.26957223116
175339.40297302915
175036.30280145427
174675.09764048242
174241.93365103446
173739.77210552036
173162.58108311525
171694.3157199033
169646.17691503905
166596.81657511674
162558.39491260378
158679.92578434464
155439.9349715146
150055.661790871
144594.27458305508
139065.36008873995
132758.08749520563
127394.58597932904
121599.5513971146
116917.76069360258
112624.41821882597
107928.92776976243
102523.99041416057
97256.49385586605
92027.26134014432
87331.60131074286
83402.95170127349
79112.94469959257
75170.74301042575
71896.60128246513
68383.9433429625
64818.697851419194
61994.596202746965
59367.65051417382
56654.316735301356
53907.1368729562
51057.64585379135
44514.02301351556
39036.23409561023
34686.963842077064
30964.652118895738
26764.511061371457
23564.218668908532
20501.03473512399
17740.738534088996
15581.95856722531
13729.14832990995
11694.839449592553
10904.540519955708
9607.631131997545
8244.238457204865
6578.771928926081
5252.079281018596
