233104.45501730073
232903.08769848192
232018.7238738085
226997.33697457574
221623.34284780818
212694.0207923532
205960.32662691988
196672.55617303617
186353.5694008878
175141.5402176018
165197.96876271046
145050.0520652829
125387.74207890751
107843.42810221345
91443.99791065561
79717.12099027383
68459.26352716416
58962.28104178583
50714.334539869
43987.81534014834
38131.75110380138
32848.59508920389
28237.032932119142
24378.62505216086
21346.003863159025
18353.85057228541
16107.810135145923
13829.30282039184
12153.651962842212
10549.45709253909
9131.978432582106
7718.626292762096
6549.183169623773
5380.37364613241
4583.4443703472025
3713.755401736744
2937.865972998162
2476.5581066260343
1927.923522294296
1523.0487934275804
1294.7769557077013
731.5534189773203
380.00501426335484
46.81114111939497
0.017097200623694
5.570283665943759e-6
1.1428686265418237e-8
4.777239696119479e-11
2.220702758061461e-13
8.689201668441907e-16
2.2013209662347435e-18
1.826614810766545e-21
2.155117490140271e-23
2.2179245468274786e-24
2.5886613623813804e-25
3.1509266352050985e-26
3.977968605387728e-27
