233104.4550173013
233066.6369213292
232948.40280500412
232733.26672177907
232375.64983131978
231671.82573851192
229736.12237292304
225780.40336106578
221038.64412587346
215672.16110340986
208983.93823758187
192734.08002844214
177945.3988712561
162844.53747025068
148011.79266280629
133464.63692901758
121007.61154774549
109700.53769154062
99605.36239476378
91609.763600054
84163.93411914709
77443.45126614645
71526.83717944995
66669.01353552533
61856.88440596805
56406.852729978156
52923.51118826711
50213.394106801665
47314.822850208686
44549.19807790272
41646.78666426324
38899.597368670715
36201.09980778782
33536.84264475967
31028.84214416743
28913.79608400102
27020.743849564453
25241.355941320646
23677.194531296867
21980.151304012317
20459.3701897201
16657.742161474285
13794.922704002383
11738.088614716515
9872.019061713267
8380.835342435244
6551.302609505218
5608.564693515023
4627.266154592599
3919.519232556098
3395.062458490212
2584.286185418301
2106.9795010647385
1471.065751319641
1057.7937385006655
837.6390877557562
568.0062701953033
