176014.06224792826
175101.70645661373
173512.23786591008
172139.29157396685
171240.4717581417
170592.32862736782
169309.03811412587
165953.45551095245
162214.96267614196
157564.21383834726
152339.16628762573
139736.09263247938
125564.40947333878
113011.68047321113
98876.0061842013
85015.81180634015
73136.443212356
64048.46422146736
54637.4514763803
46085.34177665274
39897.414038348405
34485.20701090781
30232.026402763575
25279.063893589224
20736.303361551887
17133.271022043977
13698.056201014115
11198.68789652003
9396.975299790945
8096.192164028905
7223.270041572326
6159.639407748458
5015.288513304118
3930.0197767605905
2839.015480060573
2062.674238664058
1523.790678964224
1155.983526454512
876.4803504240833
640.9359108801364
443.248311403991
3.7464499031092316e-7
3.0061358255273623e-11
1.733250471690905e-18
1.153434313072278e-22
5.853086757614734e-30
1.4579407975209533e-34
1.491220791992694e-37
8.954441018617941e-40
3.83600532529674e-42
8.876453129204218e-43
8.68524308344467e-45
5.128175164317853e-44
1.4647873228990777e-45
2.0011711193690216e-46
4.516082725292358e-44
2.478731952259955e-45
