233104.4550173006
226755.88085227198
206757.08348254013
192690.77866021026
185344.7872783671
179362.98804377503
172424.73930228388
164548.44086473077
154745.71066053605
145089.33232671907
134453.29951310452
113194.48759283121
92382.69862505421
74933.27328389198
59203.87097772304
45545.474112429816
33821.583461335904
25285.942249721447
19719.389959834654
14608.091972108752
10637.24159127489
7916.064063208015
6125.9094900344535
4794.127602743556
3867.681816664247
2970.5412495794853
2304.421768971554
1588.2457957841232
997.7964226286591
746.0367384239837
551.1307967122239
380.64753687910604
196.04125534534555
0.15317689229413534
2.0836892132413376e-7
1.6274933648294815e-11
3.2737895321937026e-15
9.827302478739904e-19
4.1645885464487825e-22
1.7563119656914545e-25
5.241943077674562e-29
1.9717536424865737e-36
2.694988250510168e-38
3.635524723921203e-40
6.139022190247225e-42
8.797177442590712e-44
2.7194746971527955e-45
5.745937988566714e-47
1.0883965188880247e-48
1.480439370351713e-50
1.0771141268657078e-52
2.5834854824259663e-55
1.1360006951608324e-55
2.832435116266541e-56
4.8230473171536e-57
1.0452031497707298e-57
3.09348358501474e-58
