176014.06224792893
175752.29283804243
170426.30294680083
169071.33823072142
168135.28720407054
164533.96631356407
159198.1194202658
152146.7798806209
143961.35165267368
134900.97869422572
125336.74329253868
104059.89370931995
83397.14794253705
65365.69389784026
49743.84510129386
36559.85284567332
25673.34072187174
17266.76837179661
11022.160994012273
6924.527281211187
4562.057223283428
3112.286020055229
1704.7049417531337
1092.5782399141963
670.1903894763293
234.4817442990472
0.0006606382629251281
1.6359642292307832e-16
3.671768403844647e-19
5.094891695009408e-22
1.391483801019528e-31
6.041169083007026e-34
3.5811598643912194e-39
1.7560285302518583e-40
8.629182548733035e-45
2.168186369843351e-49
1.1227974666636587e-54
1.4857603083851088e-54
1.925152194625151e-58
1.558275942271918e-60
1.6514318150902931e-63
1.1491959566806318e-64
4.933897467273098e-65
1.8082043184581715e-65
6.330809565800481e-66
1.7320756603810204e-66
5.207861178113643e-67
1.2353410344731297e-67
6.2085321496131405e-68
4.14533447504169e-68
3.990502926468743e-69
8.170384811950199e-70
1.9310776941005712e-69
7.608026545921119e-72
1.285764329823697e-71
1.0988225398547373e-71
6.198888153709693e-73
