233104.45501730143
233095.074612864
233066.66626541122
233018.492264808
232949.15909533406
232856.46235853335
232737.04558669374
232585.78911760388
232393.6113364987
232143.31825678627
231649.59965971825
228700.76142019653
222001.4225854824
215830.60353836967
209179.04137666308
200424.87940835106
189696.45101146624
178926.51298208185
171265.65161612985
164067.0733548242
156088.70669942576
148075.01167716357
139941.46387954947
133084.99939024908
125685.17128170302
118381.20306840722
112411.37429513382
106928.50035159122
101245.45375286555
96522.12501734894
91892.98790260387
87250.76058035831
83745.64411476196
80721.04802979396
77341.71290234978
74180.90372751665
71373.38713830043
68337.63605098106
65567.24196368342
63171.835404498284
60887.08828266586
56549.27584946107
49737.0103989404
46246.510599882284
43533.239157811026
40490.599164948566
37381.102796333806
34267.00933586118
31190.34454818428
27970.33833100031
25566.094388503298
23525.691076422314
21646.47548721112
19670.532956104216
17985.233604766578
15967.146749523552
14466.105511424592
