233104.45501730085
178122.888428533
171758.28036471753
169619.8769439272
167940.92659610612
164654.1665998655
159508.86970284596
152708.94371984055
144466.17465825652
135376.61720946044
125255.87287876147
103943.50471730583
83372.23219298129
65206.42076020696
49837.781622674614
36177.77069457866
25692.4599866902
17137.096353894638
10570.306043988954
6675.036668720098
4206.409227400159
2536.918676473585
1482.8322154566804
1000.2324916522984
497.0559293327186
0.1010755775938722
6.740090585641827e-13
7.216144820047083e-21
4.1930102287676787e-29
3.890316263745285e-35
5.809725786707007e-40
1.7037765662455109e-44
2.4110836310249402e-52
6.636127370241716e-53
1.4151826146955388e-53
5.206318270716349e-56
1.4092650126802447e-57
1.0459095241961569e-60
2.834077979360909e-61
4.2674816032676395e-62
5.916330181671887e-63
3.274275730660911e-64
3.408385876469137e-66
3.231253174324614e-67
1.0042108967437161e-67
4.37553065954789e-69
1.889528478169566e-70
7.206169916818495e-71
7.236228135009785e-72
1.7613331074725786e-73
3.640868495199785e-74
9.331089699049227e-75
2.2387136287403883e-75
6.09399528105587e-75
1.8469484555825768e-75
1.0902852511549125e-76
7.752685995805861e-76
