233104.45501730085
194016.74719496098
180751.7962441924
174419.91988856278
171070.50965321332
167589.9692545694
161403.12393373743
153700.17861962918
145389.27270979085
136369.14840169201
126197.81228397398
104977.96022236501
84607.21138858343
66577.73229972107
51347.130376648696
38576.469655471104
28388.045406791272
20041.14535497208
13334.980547531191
8854.97848808172
6317.709820988779
4380.18295731403
2863.392219498338
1627.5666859750065
599.3126263435631
1.6529740481927654e-5
2.9518624209331004e-13
8.507148852660018e-22
2.0195490222494388e-26
2.1669802553800188e-30
1.482771892303004e-33
2.3277742223834043e-36
1.5983041221750458e-39
4.489021797010626e-42
5.08132233416879e-44
5.619647794810603e-47
1.6216910472902486e-48
1.1813392487898564e-50
8.590235003409818e-53
1.857508843175627e-54
1.396567827474734e-55
1.004460403149921e-57
2.325191787370665e-59
2.08122823989953e-61
6.752601577939904e-64
3.761164206194318e-67
7.352597848669143e-67
2.17701852778841e-66
2.5898336008536978e-67
5.7960252503408314e-67
7.188911560698312e-68
7.522347447185277e-68
3.812466549875498e-68
7.255082501041467e-69
1.0239030942640606e-68
2.6626562884568324e-69
8.64643051666556e-70
