176014.06224792844
175891.38798377145
175526.97594380012
174982.65563578784
174266.9525949043
173492.93603083072
172640.53453556527
171713.15187587275
170711.10730434596
169317.41494471434
167506.8005797022
163978.09599692898
158203.8012530519
150929.29623521765
142646.9784099743
134198.60055673012
126778.18707118338
118559.67594015524
109687.95715848598
101021.12142078023
93110.80277508231
86257.31469080238
79945.16661901552
74022.25675189776
68329.72437171394
62379.08541679762
56940.09720958379
52080.6850333545
47325.34150868801
43790.94041589183
40242.32946052238
37095.14477352408
34078.94148796015
31206.76202749168
28441.147660816543
25934.03088372959
23576.832488283777
21416.699410286696
19763.858452206696
18179.259084186197
16434.97052084773
13770.646087848154
10648.056388274334
7893.8385538437315
5676.357261859959
4055.3226016667627
3076.25928687945
2045.2691124525772
1557.8749436379696
1093.2905350550159
622.6833803194482
362.12324823384427
125.28182077459459
68.28691984891074
0.040055733573087775
4.6078847357729923e-10
1.383971144346602e-13
