233104.4550173019
233007.38486734134
232655.70730191484
231713.42170001022
228248.91880568862
224244.14349548394
217735.4003785775
209404.86609435978
202009.9338083881
192963.56110169267
183000.27261860605
163017.29954759008
144078.81806908906
126453.68650141475
111180.80642641717
97754.42391378075
86364.01607032934
76498.3467584841
67831.19584754742
61348.03816006319
55397.3356200561
49680.66549097923
44646.18954556536
39724.17492671913
35777.14439358054
32066.767849844124
28952.562748739518
26029.44251472041
23031.823869908098
20553.02299629281
18478.920812915097
16495.244110557276
14844.939553863514
13542.06723959758
12179.855693994756
11056.9343343711
9709.777577477444
8621.422543750425
7767.931923518537
6853.4857979209755
6271.318507761986
4726.069126280369
3347.9122287471073
2224.7808043254904
1554.3113399814927
959.373145287974
665.8305357025586
162.27858647037385
0.124196106783378
0.0004621713155082086
4.763813107142692e-6
1.14153729415429e-7
4.373230641910074e-9
1.9927239094488272e-10
9.765127993334043e-12
4.75352818673323e-13
2.1956075395090217e-14
