176014.0622479285
175971.92783756982
175846.5279937795
175642.80501998175
175348.00714980136
174975.46833060597
174529.70508817903
173987.84628148802
173359.56781499353
172626.48569591687
171765.23385995845
169373.0511202198
165619.55327151457
161191.09284726818
157759.3769651952
151497.70405410178
145217.38159632907
137936.95877345628
131441.64633552148
124913.32489138222
119354.31349711018
113814.57644138404
107587.80629316464
101010.04886898976
94575.85356755888
89016.46521868216
83827.11801815707
78879.07015752458
74668.4331659083
70284.50125976992
65966.29201931276
62973.34310266519
59337.048806735605
55664.07161641958
51933.32395770667
48732.29842524768
45962.316276176054
42675.22519390095
40267.30019207109
38158.61888778675
35899.68419793318
30967.59892317988
26353.314929991953
22309.062274452695
18648.012537632145
16165.15441640822
13411.557925526868
11561.928764658038
10229.064188072325
8486.237520793853
6524.02884283469
5083.388913179224
3958.884230802572
3112.7137495151424
2345.6644262678305
1745.3496338586792
1344.0803054304615
