233104.45501730085
173167.63326338457
170205.78709199716
168497.76591104193
166401.8390186936
163413.29923803158
158043.22292728702
151457.85544191263
143576.52986260472
134517.41569395983
124511.59251112255
103214.9028792653
82589.73474790217
63863.02392845366
47878.593277323074
34103.68009171469
23616.295749725756
14868.901424439111
9154.919068162239
6027.2623403756
4279.055785794883
2666.655354402856
1529.360045099063
1016.0373927333927
544.3324207708201
0.8519319803709744
3.287824658410203e-11
2.488521118847389e-19
2.4889347458068743e-24
2.920150449623359e-24
5.687980296330988e-24
1.6251352859260786e-24
1.3092236000915641e-24
1.4769083413247762e-24
1.962954015342939e-24
2.5456456754623515e-24
2.24339139483759e-24
2.358764107323839e-24
2.09413531326139e-24
2.0439525862476476e-24
2.2475941616987496e-24
2.2413445974704352e-24
2.12703313748808e-24
1.9368520540919242e-24
2.770536444311442e-24
3.1610010399494557e-24
3.129687172384815e-24
2.750130406198719e-24
3.59383694654531e-24
2.5182196666540477e-24
3.517737424553929e-24
3.2502400355612648e-24
2.9917206665220308e-24
3.334615826913801e-24
3.1030467507631967e-24
2.720618467223957e-24
3.907103336541688e-24
