233104.4550173014
233098.2046708676
233079.33718705433
233047.5299384009
233002.19190913756
232942.44357036945
232867.0085491874
232774.08377061645
232661.13563655486
232524.30143451714
232357.49430812546
231863.7526570387
229942.19810571917
225017.02883174905
219614.13762008585
214099.55698954183
208452.85475190502
201134.36074408868
193037.84013104285
183468.07659023246
175014.76738488325
169137.6580484453
163131.02030114783
156656.0965022109
149883.3161011239
143579.1346866831
136928.3364811645
131693.56620552173
125703.10142703001
119632.13544793527
113621.27871237016
109566.74258529066
105132.8912248849
100557.7267619669
96954.98503137827
92455.05718425632
88947.64017122277
85454.34552856996
82624.0560447572
80239.02278165087
77508.87066583843
71378.45031415453
65434.19007386548
60695.5500553726
57247.79126865733
52089.369417367154
47428.10645008561
45279.86671936479
43078.35212256624
40467.813818131646
38292.51536537873
35499.04740388687
33070.991359705746
30683.76107585008
27945.06983378611
25962.88152912692
24145.5687859292
