176014.06224792823
174829.18259001
173337.56928663253
172264.11345109803
170034.46978081804
166458.90903987497
160856.64344307073
154157.72954309967
146315.10517483548
137622.66761501992
127819.01882659303
108242.06723647343
87560.0346108145
69329.59882571819
54315.59689445883
41072.96846166621
30162.692979959986
21909.139260096264
14944.993648136206
10289.090256901774
7131.485146472854
4595.850648601566
3433.758238667788
2002.684500694293
1210.720327182545
633.5780679023685
79.62002738215078
0.008634002685333937
1.1877277339935417e-6
1.7664828358775166e-9
7.24414577639748e-12
1.89396056142742e-14
8.170455114557879e-17
1.266470437981314e-21
6.5938307974948e-23
3.4015149728890226e-25
6.26322931822568e-28
2.721557256398229e-30
9.17098540075598e-33
1.5979942023662857e-36
4.135524557613719e-41
6.085062042318922e-44
4.413381059299676e-51
4.87555024735601e-56
1.18443446327526e-59
2.3257030999639427e-61
5.150391134773242e-64
7.144488467562056e-66
4.1610511474980635e-67
1.6396799678479136e-67
6.942367700776463e-68
3.765415090485158e-68
2.062717794889696e-68
1.2598750032686826e-68
7.888240852580164e-69
4.986471977031587e-69
3.204311606929164e-69
