176014.06224792844
175654.697440842
174722.30612747945
173570.9408780668
172416.87319740484
171393.32878768563
170506.87843267317
169339.5964925591
168200.50153212546
166998.51235359284
163473.94494797874
155737.86443906656
146724.14705964224
137122.57746092108
126383.94746220889
115305.28000792363
104769.57449126794
95728.58362364085
86948.87014576129
77263.01058642424
68686.79031121198
60363.54740053875
53843.36974147152
48683.327323755366
43473.817597319525
38772.15691815285
34023.71208909369
29816.881669492588
26350.463701788547
23779.949117937693
21078.235786775815
18771.80821322537
16898.438105318208
14851.87073404662
12309.127666239865
10615.211063700623
9404.012181985703
8052.409350608055
6653.551782961173
5707.572472899961
5004.942845409681
3562.215973160973
2520.653774321666
1158.0094620788661
719.2258092093954
665.7268336137552
115.72006760113649
4.734501453695954e-7
7.064139763252019e-12
3.4395292495725613e-16
6.288323580490105e-21
1.4714929098403676e-23
3.81607355028409e-27
2.248654880423639e-29
6.579950754675342e-28
2.3350035142003485e-33
8.95159462976735e-35
