233104.4550173014
233085.65094691436
233028.2006377047
232928.78319973877
232780.92294500064
232572.49330010553
232277.7886574311
231787.70888551977
230460.73613017943
227410.14236900373
223308.43929065904
215174.82257311768
204677.73975636592
190813.85163094656
178111.71010297353
167825.4725090002
156477.38050515475
145455.29269826645
135517.3401049227
125031.19094973835
116045.25915563176
107775.54191001118
100674.50216287079
93682.0629191759
87992.24667557227
83259.33027163844
78345.17573495346
74078.45573165092
69610.20590495323
66050.30040301575
62770.74092410887
60293.55336371829
56647.15195879179
52941.52128217292
50002.34768807312
48277.34155605128
46771.35878530746
44839.71013164503
42959.492671009255
41341.86841664638
39375.65063778164
34826.93080949526
30440.86643265842
26586.063992650237
23473.51040160369
20799.412803865507
18185.365749143082
15736.267706232731
13728.638198134542
11829.306678476236
10743.83730784898
9643.445553037684
8331.658683375023
7351.757036249241
6216.26507800205
5314.978797481386
4712.280440153418
