176014.06224792925
173099.52856434503
169883.655190634
168206.60162687945
167041.3209546657
163994.85759543147
159127.56244663638
151812.15260183462
143556.29335573764
134193.8223054677
124265.2026117021
102764.8806207554
82362.70727147852
63874.501440249696
48245.0076486203
34470.05006900984
23666.088213064057
14867.55861796477
9160.005015715493
6237.566962783605
4317.419381250574
2725.7612582166516
1494.157126301437
1059.5702719316837
572.7712097673027
27.565517015201443
4.100025808493152e-12
3.075043925303223e-19
3.0777521874755027e-24
2.353103989081848e-24
2.0571920290189295e-24
1.4299101104389322e-24
1.6871858556099434e-24
2.3160631190976063e-24
2.4237139264187727e-24
3.1524530654811965e-24
1.5889689416168333e-24
2.0621110829920943e-24
2.7303018911508967e-24
2.4478476742067797e-24
3.097718454390924e-24
2.136961381616337e-24
2.0209539513439576e-24
2.7047858341601172e-24
2.6434313390091426e-24
2.3163324288020067e-24
2.9870324214744262e-24
3.236764747225415e-24
4.3571797580024285e-24
2.6353282979437507e-24
4.029746911936253e-24
2.9574744024382682e-24
3.313625553887497e-24
3.215063100520001e-24
3.0010807202683637e-24
3.572240864978105e-24
3.353603314468935e-24
